  -1.000000000      0.5960459859E-07 
  -1.000000000      0.7958420366E-01 
  -1.000000000      0.1581780016     
  -1.000000000      0.2348150015     
  -1.000000000      0.3085739911     
  -1.000000000      0.3786059916     
  -1.000000000      0.4441530108     
  -1.000000000      0.5045760274     
  -1.000000000      0.5593749881     
  -1.000000000      0.6082130075     
  -1.000000000      0.6509389877     
  -1.000000000      0.6876159906     
  -1.000000000      0.7185350060     
  -1.000000000      0.7442489862     
  -1.000000000      0.7655869722     
  -1.000000000      0.7836830020     
  -1.000000000      0.8000000119     
 -0.9062650204      0.1192089982E-06 
 -0.9062650204      0.7958289981E-01 
 -0.9062650204      0.1581760049     
 -0.9062650204      0.2348109931     
 -0.9062650204      0.3085690141     
 -0.9062650204      0.3786000013     
 -0.9062650204      0.4441460073     
 -0.9062650204      0.5045679808     
 -0.9062650204      0.5593659878     
 -0.9062650204      0.6082029939     
 -0.9062650204      0.6509289742     
 -0.9062650204      0.6876040101     
 -0.9062650204      0.7185230255     
 -0.9062650204      0.7442370057     
 -0.9062650204      0.7655739784     
 -0.9062650204      0.7836700082     
 -0.9062650204      0.7999870181     
 -0.8137310147      0.1192089982E-06 
 -0.8137310147      0.7958190143E-01 
 -0.8137310147      0.1581739932     
 -0.8137310147      0.2348079979     
 -0.8137310147      0.3085649908     
 -0.8137310147      0.3785949945     
 -0.8137310147      0.4441410005     
 -0.8137310147      0.5045620203     
 -0.8137310147      0.5593590140     
 -0.8137310147      0.6081950068     
 -0.8137310147      0.6509209871     
 -0.8137310147      0.6875960231     
 -0.8137310147      0.7185140252     
 -0.8137310147      0.7442269921     
 -0.8137310147      0.7655649781     
 -0.8137310147      0.7836610079     
 -0.8137310147      0.7999770045     
 -0.7235519886      0.1192089982E-06 
 -0.7235519886      0.7958149910E-01 
 -0.7235519886      0.1581729949     
 -0.7235519886      0.2348069996     
 -0.7235519886      0.3085640073     
 -0.7235519886      0.3785929978     
 -0.7235519886      0.4441379905     
 -0.7235519886      0.5045589805     
 -0.7235519886      0.5593559742     
 -0.7235519886      0.6081920266     
 -0.7235519886      0.6509169936     
 -0.7235519886      0.6875920296     
 -0.7235519886      0.7185099721     
 -0.7235519886      0.7442229986     
 -0.7235519886      0.7655599713     
 -0.7235519886      0.7836560011     
 -0.7235519886      0.7999719977     
 -0.6367909908      0.1192089982E-06 
 -0.6367909908      0.7958170027E-01 
 -0.6367909908      0.1581729949     
 -0.6367909908      0.2348079979     
 -0.6367909908      0.3085649908     
 -0.6367909908      0.3785940111     
 -0.6367909908      0.4441399872     
 -0.6367909908      0.5045610070     
 -0.6367909908      0.5593580008     
 -0.6367909908      0.6081939936     
 -0.6367909908      0.6509190202     
 -0.6367909908      0.6875939965     
 -0.6367909908      0.7185130119     
 -0.6367909908      0.7442259789     
 -0.6367909908      0.7655630112     
 -0.6367909908      0.7836589813     
 -0.6367909908      0.7999749780     
 -0.5543820262      0.1192089982E-06 
 -0.5543820262      0.7958289981E-01 
 -0.5543820262      0.1581760049     
 -0.5543820262      0.2348109931     
 -0.5543820262      0.3085690141     
 -0.5543820262      0.3786000013     
 -0.5543820262      0.4441460073     
 -0.5543820262      0.5045679808     
 -0.5543820262      0.5593659878     
 -0.5543820262      0.6082029939     
 -0.5543820262      0.6509289742     
 -0.5543820262      0.6876040101     
 -0.5543820262      0.7185230255     
 -0.5543820262      0.7442359924     
 -0.5543820262      0.7655739784     
 -0.5543820262      0.7836700082     
 -0.5543820262      0.7999870181     
 -0.4770889878      0.1192089982E-06 
 -0.4770889878      0.7958489656E-01 
 -0.4770889878      0.1581799984     
 -0.4770889878      0.2348169982     
 -0.4770889878      0.3085770011     
 -0.4770889878      0.3786090016     
 -0.4770889878      0.4441570044     
 -0.4770889878      0.5045809746     
 -0.4770889878      0.5593799949     
 -0.4770889878      0.6082180142     
 -0.4770889878      0.6509450078     
 -0.4770889878      0.6876220107     
 -0.4770889878      0.7185410261     
 -0.4770889878      0.7442550063     
 -0.4770889878      0.7655929923     
 -0.4770889878      0.7836899757     
 -0.4770889878      0.8000069857     
 -0.4054810107      0.1192089982E-06 
 -0.4054810107      0.7958669960E-01 
 -0.4054810107      0.1581829935     
 -0.4054810107      0.2348220050     
 -0.4054810107      0.3085840046     
 -0.4054810107      0.3786180019     
 -0.4054810107      0.4441669881     
 -0.4054810107      0.5045920014     
 -0.4054810107      0.5593929887     
 -0.4054810107      0.6082320213     
 -0.4054810107      0.6509600282     
 -0.4054810107      0.6876369715     
 -0.4054810107      0.7185580134     
 -0.4054810107      0.7442719936     
 -0.4054810107      0.7656109929     
 -0.4054810107      0.7837079763     
 -0.4054810107      0.8000249863     
 -0.3399040103      0.1192089982E-06 
 -0.3399040103      0.7958629727E-01 
 -0.3399040103      0.1581819952     
 -0.3399040103      0.2348210067     
 -0.3399040103      0.3085820079     
 -0.3399040103      0.3786160052     
 -0.3399040103      0.4441649914     
 -0.3399040103      0.5045899749     
 -0.3399040103      0.5593900084     
 -0.3399040103      0.6082289815     
 -0.3399040103      0.6509559751     
 -0.3399040103      0.6876339912     
 -0.3399040103      0.7185540199     
 -0.3399040103      0.7442680001     
 -0.3399040103      0.7656069994     
 -0.3399040103      0.7837039828     
 -0.3399040103      0.8000209928     
 -0.2804769874      0.1192089982E-06 
 -0.2804769874      0.7958260179E-01 
 -0.2804769874      0.1581750065     
 -0.2804769874      0.2348099947     
 -0.2804769874      0.3085680008     
 -0.2804769874      0.3785989881     
 -0.2804769874      0.4441449940     
 -0.2804769874      0.5045660138     
 -0.2804769874      0.5593640208     
 -0.2804769874      0.6082010269     
 -0.2804769874      0.6509270072     
 -0.2804769874      0.6876019835     
 -0.2804769874      0.7185209990     
 -0.2804769874      0.7442340255     
 -0.2804769874      0.7655709982     
 -0.2804769874      0.7836679816     
 -0.2804769874      0.7999839783     
 -0.2270849943      0.1192089982E-06 
 -0.2270849943      0.7958079875E-01 
 -0.2270849943      0.1581709981     
 -0.2270849943      0.2348050028     
 -0.2270849943      0.3085609972     
 -0.2270849943      0.3785899878     
 -0.2270849943      0.4441350102     
 -0.2270849943      0.5045549870     
 -0.2270849943      0.5593510270     
 -0.2270849943      0.6081870198     
 -0.2270849943      0.6509119868     
 -0.2270849943      0.6875860095     
 -0.2270849943      0.7185040116     
 -0.2270849943      0.7442169785     
 -0.2270849943      0.7655540109     
 -0.2270849943      0.7836499810     
 -0.2270849943      0.7999659777     
 -0.1793889999      0.1192089982E-06 
 -0.1793889999      0.7958950102E-01 
 -0.1793889999      0.1581889987     
 -0.1793889999      0.2348300070     
 -0.1793889999      0.3085950017     
 -0.1793889999      0.3786309958     
 -0.1793889999      0.4441829920     
 -0.1793889999      0.5046100020     
 -0.1793889999      0.5594120026     
 -0.1793889999      0.6082530022     
 -0.1793889999      0.6509829760     
 -0.1793889999      0.6876609921     
 -0.1793889999      0.7185829878     
 -0.1793889999      0.7442979813     
 -0.1793889999      0.7656369805     
 -0.1793889999      0.7837349772     
 -0.1793889999      0.8000530005     
 -0.1368059963      0.1192089982E-06 
 -0.1368059963      0.7959719747E-01 
 -0.1368059963      0.1582040042     
 -0.1368059963      0.2348529994     
 -0.1368059963      0.3086250126     
 -0.1368059963      0.3786680102     
 -0.1368059963      0.4442259967     
 -0.1368059963      0.5046589971     
 -0.1368059963      0.5594660044     
 -0.1368059963      0.6083120108     
 -0.1368059963      0.6510450244     
 -0.1368059963      0.6877279878     
 -0.1368059963      0.7186520100     
 -0.1368059963      0.7443699837     
 -0.1368059963      0.7657110095     
 -0.1368059963      0.7838109732     
 -0.1368059963      0.8001300097     
 -0.9855320305E-01  0.1192089982E-06 
 -0.9855320305E-01  0.7958310097E-01 
 -0.9855320305E-01  0.1581760049     
 -0.9855320305E-01  0.2348109931     
 -0.9855320305E-01  0.3085699975     
 -0.9855320305E-01  0.3786010146     
 -0.9855320305E-01  0.4441469908     
 -0.9855320305E-01  0.5045689940     
 -0.9855320305E-01  0.5593670011     
 -0.9855320305E-01  0.6082040071     
 -0.9855320305E-01  0.6509299874     
 -0.9855320305E-01  0.6876059771     
 -0.9855320305E-01  0.7185249925     
 -0.9855320305E-01  0.7442380190     
 -0.9855320305E-01  0.7655760050     
 -0.9855320305E-01  0.7836719751     
 -0.9855320305E-01  0.7999889851     
 -0.6369840354E-01  0.1192089982E-06 
 -0.6369840354E-01  0.7954929769E-01 
 -0.6369840354E-01  0.1581089944     
 -0.6369829923E-01  0.2347120047     
 -0.6369840354E-01  0.3084389865     
 -0.6369840354E-01  0.3784399927     
 -0.6369840354E-01  0.4439580142     
 -0.6369829923E-01  0.5043550134     
 -0.6369840354E-01  0.5591289997     
 -0.6369840354E-01  0.6079459786     
 -0.6369840354E-01  0.6506530046     
 -0.6369840354E-01  0.6873139739     
 -0.6369840354E-01  0.7182199955     
 -0.6369840354E-01  0.7439219952     
 -0.6369840354E-01  0.7652500272     
 -0.6369840354E-01  0.7833390236     
 -0.6369829923E-01  0.7996490002     
 -0.3121970035E-01  0.1192089982E-06 
 -0.3121970035E-01  0.7953730226E-01 
 -0.3121970035E-01  0.1580850035     
 -0.3121970035E-01  0.2346760035     
 -0.3121970035E-01  0.3083919883     
 -0.3121970035E-01  0.3783830106     
 -0.3121970035E-01  0.4438909888     
 -0.3121970035E-01  0.5042790174     
 -0.3121970035E-01  0.5590450168     
 -0.3121970035E-01  0.6078540087     
 -0.3121959977E-01  0.6505550146     
 -0.3121970035E-01  0.6872100234     
 -0.3121970035E-01  0.7181109786     
 -0.3121970035E-01  0.7438099980     
 -0.3121970035E-01  0.7651349902     
 -0.3121970035E-01  0.7832210064     
 -0.3121970035E-01  0.7995280027     
  0.0000000000E+00  0.5960459859E-07 
  0.0000000000E+00  0.7958420366E-01 
  0.0000000000E+00  0.1581780016     
  0.0000000000E+00  0.2348150015     
  0.0000000000E+00  0.3085739911     
  0.0000000000E+00  0.3786059916     
  0.0000000000E+00  0.4441530108     
  0.0000000000E+00  0.5045760274     
  0.0000000000E+00  0.5593749881     
  0.0000000000E+00  0.6082130075     
  0.0000000000E+00  0.6509389877     
  0.0000000000E+00  0.6876159906     
  0.0000000000E+00  0.7185350060     
  0.0000000000E+00  0.7442489862     
  0.0000000000E+00  0.7655869722     
  0.0000000000E+00  0.7836830020     
  0.0000000000E+00  0.8000000119     
  0.3047489934E-01  0.1192089982E-06 
  0.3047489934E-01  0.7971599698E-01 
  0.3047489934E-01  0.1584399939     
  0.3047489934E-01  0.2352039963     
  0.3047489934E-01  0.3090850115     
  0.3047489934E-01  0.3792330027     
  0.3047489934E-01  0.4448890090     
  0.3047489934E-01  0.5054119825     
  0.3047489934E-01  0.5603010058     
  0.3047489934E-01  0.6092200279     
  0.3047489934E-01  0.6520169973     
  0.3047489934E-01  0.6887540221     
  0.3047489934E-01  0.7197250128     
  0.3047489934E-01  0.7454810143     
  0.3047489934E-01  0.7668539882     
  0.3047489934E-01  0.7849799991     
  0.3047489934E-01  0.8013240099     
  0.6092989817E-01  0.1192089982E-06 
  0.6092989817E-01  0.7993470132E-01 
  0.6092989817E-01  0.1588750035     
  0.6092989817E-01  0.2358489931     
  0.6092989817E-01  0.3099330068     
  0.6092989817E-01  0.3802730143     
  0.6092989817E-01  0.4461089969     
  0.6092989817E-01  0.5067980289     
  0.6092989817E-01  0.5618379712     
  0.6092989817E-01  0.6108909845     
  0.6092989817E-01  0.6538059711     
  0.6092989817E-01  0.6906440258     
  0.6092989817E-01  0.7216989994     
  0.6092989817E-01  0.7475259900     
  0.6092989817E-01  0.7689579725     
  0.6092989817E-01  0.7871339917     
  0.6092989817E-01  0.8035230041     
  0.9142430127E-01  0.1192089982E-06 
  0.9142430127E-01  0.8023589849E-01 
  0.9142430127E-01  0.1594730020     
  0.9142430127E-01  0.2367379963     
  0.9142430127E-01  0.3111009896     
  0.9142430127E-01  0.3817059994     
  0.9142430127E-01  0.4477910101     
  0.9142430127E-01  0.5087080002     
  0.9142430127E-01  0.5639560223     
  0.9142430127E-01  0.6131929755     
  0.9142430127E-01  0.6562700272     
  0.9142430127E-01  0.6932460070     
  0.9142430127E-01  0.7244189978     
  0.9142430127E-01  0.7503430247     
  0.9142430127E-01  0.7718560100     
  0.9142430127E-01  0.7901009917     
  0.9142430127E-01  0.8065509796     
  0.1220050007      0.1192089982E-06 
  0.1220050007      0.8061560243E-01 
  0.1220050007      0.1602279991     
  0.1220050007      0.2378579974     
  0.1220050007      0.3125729859     
  0.1220050007      0.3835130036     
  0.1220050007      0.4499100149     
  0.1220050007      0.5111160278     
  0.1220050007      0.5666249990     
  0.1220050007      0.6160950065     
  0.1220050007      0.6593760252     
  0.1220050007      0.6965270042     
  0.1220050007      0.7278469801     
  0.1220050007      0.7538939714     
  0.1220050007      0.7755089998     
  0.1220050007      0.7938399911     
  0.1220050007      0.8103680015     
  0.1527059972      0.1192089982E-06 
  0.1527059972      0.8106979728E-01 
  0.1527059972      0.1611309946     
  0.1527059972      0.2391979992     
  0.1527059972      0.3143340051     
  0.1527059972      0.3856729865     
  0.1527059972      0.4524439871     
  0.1527059972      0.5139949918     
  0.1527059972      0.5698159933     
  0.1527059972      0.6195660233     
  0.1527059972      0.6630899906     
  0.1527059972      0.7004510164     
  0.1527059972      0.7319470048     
  0.1527059972      0.7581409812     
  0.1527059972      0.7798770070     
  0.1527059972      0.7983120084     
  0.1527059972      0.8149330020     
  0.1835539937      0.1192089982E-06 
  0.1835539937      0.8159410208E-01 
  0.1835539937      0.1621730030     
  0.1835539937      0.2407449931     
  0.1835539937      0.3163670003     
  0.1835539937      0.3881680071     
  0.1835539937      0.4553709924     
  0.1835539937      0.5173190236     
  0.1835539937      0.5735020041     
  0.1835539937      0.6235730052     
  0.1835539937      0.6673790216     
  0.1835539937      0.7049810290     
  0.1835539937      0.7366819978     
  0.1835539937      0.7630450130     
  0.1835539937      0.7849220037     
  0.1835539937      0.8034750223     
  0.1835539937      0.8202040195     
  0.2145619988      0.1192089982E-06 
  0.2145619988      0.8218439668E-01 
  0.2145619988      0.1633459926     
  0.2145619988      0.2424869984     
  0.2145619988      0.3186559975     
  0.2145619988      0.3909760118     
  0.2145619988      0.4586640000     
  0.2145619988      0.5210620165     
  0.2145619988      0.5776510239     
  0.2145619988      0.6280840039     
  0.2145619988      0.6722059846     
  0.2145619988      0.7100809813     
  0.2145619988      0.7420110106     
  0.2145619988      0.7685639858     
  0.2145619988      0.7905989885     
  0.2145619988      0.8092870116     
  0.2145619988      0.8261370063     
  0.2457389981      0.1192089982E-06 
  0.2457389981      0.8283569664E-01 
  0.2457389981      0.1646409929     
  0.2457389981      0.2444079965     
  0.2457389981      0.3211809993     
  0.2457389981      0.3940739930     
  0.2457389981      0.4623000026     
  0.2457389981      0.5251910090     
  0.2457389981      0.5822290182     
  0.2457389981      0.6330620050     
  0.2457389981      0.6775339842     
  0.2457389981      0.7157089710     
  0.2457389981      0.7478910089     
  0.2457389981      0.7746559978     
  0.2457389981      0.7968649864     
  0.2457389981      0.8157010078     
  0.2457389981      0.8326849937     
  0.2770839930      0.0000000000E+00 
  0.2770839930      0.8354300261E-01 
  0.2770839930      0.1660459936     
  0.2770839930      0.2464949936     
  0.2770839930      0.3239240050     
  0.2770839930      0.3974390030     
  0.2770839930      0.4662469923     
  0.2770839930      0.5296760201     
  0.2770839930      0.5871999860     
  0.2770839930      0.6384670138     
  0.2770839930      0.6833189726     
  0.2770839930      0.7218199968     
  0.2770839930      0.7542769909     
  0.2770839930      0.7812700272     
  0.2770839930      0.8036689758     
  0.2770839930      0.8226659894     
  0.2770839930      0.8397939801     
  0.3085899949      0.0000000000E+00 
  0.3085899949      0.8430059999E-01 
  0.3085899949      0.1675519943     
  0.3085899949      0.2487310022     
  0.3085899949      0.3268609941     
  0.3085899949      0.4010429978     
  0.3085899949      0.4704749882     
  0.3085899949      0.5344790220     
  0.3085899949      0.5925250053     
  0.3085899949      0.6442570090     
  0.3085899949      0.6895160079     
  0.3085899949      0.7283660173     
  0.3085899949      0.7611169815     
  0.3085899949      0.7883549929     
  0.3085899949      0.8109570146     
  0.3085899949      0.8301259875     
  0.3085899949      0.8474100232     
  0.3402430117      0.0000000000E+00 
  0.3402430117      0.8510240167E-01 
  0.3402430117      0.1691460013     
  0.3402430117      0.2510960102     
  0.3402430117      0.3299700022     
  0.3402430117      0.4048579931     
  0.3402430117      0.4749499857     
  0.3402430117      0.5395630002     
  0.3402430117      0.5981609821     
  0.3402430117      0.6503850222     
  0.3402430117      0.6960740089     
  0.3402430117      0.7352939844     
  0.3402430117      0.7683569789     
  0.3402430117      0.7958539724     
  0.3402430117      0.8186709881     
  0.3402430117      0.8380219936     
  0.3402430117      0.8554710150     
  0.3720270097      0.0000000000E+00 
  0.3720270097      0.8594200015E-01 
  0.3720270097      0.1708150059     
  0.3720270097      0.2535730004     
  0.3720270097      0.3332250118     
  0.3720270097      0.4088520110     
  0.3720270097      0.4796350002     
  0.3720270097      0.5448849797     
  0.3720270097      0.6040620208     
  0.3720270097      0.6568009853     
  0.3720270097      0.7029410005     
  0.3720270097      0.7425469756     
  0.3720270097      0.7759370208     
  0.3720270097      0.8037040234     
  0.3720270097      0.8267470002     
  0.3720270097      0.8462889791     
  0.3720270097      0.8639090061     
  0.4039210081      0.0000000000E+00 
  0.4039210081      0.8681210130E-01 
  0.4039210081      0.1725440025     
  0.4039210081      0.2561410069     
  0.4039210081      0.3365989923     
  0.4039210081      0.4129909873     
  0.4039210081      0.4844920039     
  0.4039210081      0.5504029989     
  0.4039210081      0.6101779938     
  0.4039210081      0.6634510159     
  0.4039210081      0.7100589871     
  0.4039210081      0.7500659823     
  0.4039210081      0.7837929726     
  0.4039210081      0.8118420243     
  0.4039210081      0.8351179957     
  0.4039210081      0.8548579812     
  0.4039210081      0.8726570010     
  0.4358989894      0.0000000000E+00 
  0.4358989894      0.8770570159E-01 
  0.4358989894      0.1743199974     
  0.4358989894      0.2587769926     
  0.4358989894      0.3400639892     
  0.4358989894      0.4172430038     
  0.4358989894      0.4894790053     
  0.4358989894      0.5560680032     
  0.4358989894      0.6164590120     
  0.4358989894      0.6702799797     
  0.4358989894      0.7173669934     
  0.4358989894      0.7577859759     
  0.4358989894      0.7918609977     
  0.4358989894      0.8201990128     
  0.4358989894      0.8437139988     
  0.4358989894      0.8636569977     
  0.4358989894      0.8816390038     
  0.4679349959      0.0000000000E+00 
  0.4679349959      0.8861500025E-01 
  0.4679349959      0.1761270016     
  0.4679349959      0.2614600062     
  0.4679349959      0.3435899913     
  0.4679349959      0.4215680063     
  0.4679349959      0.4945540130     
  0.4679349959      0.5618330240     
  0.4679349959      0.6228500009     
  0.4679349959      0.6772300005     
  0.4679349959      0.7248049974     
  0.4679349959      0.7656430006     
  0.4679349959      0.8000710011     
  0.4679349959      0.8287019730     
  0.4679349959      0.8524609804     
  0.4679349959      0.8726109862     
  0.4679349959      0.8907799721     
  0.5000000000      0.0000000000E+00 
  0.5000000000      0.8953230083E-01 
  0.5000000000      0.1779499948     
  0.5000000000      0.2641670108     
  0.5000000000      0.3471460044     
  0.5000000000      0.4259319901     
  0.5000000000      0.4996730089     
  0.5000000000      0.5676479936     
  0.5000000000      0.6292970181     
  0.5000000000      0.6842389703     
  0.5000000000      0.7323070168     
  0.5000000000      0.7735679746     
  0.5000000000      0.8083519936     
  0.5000000000      0.8372799754     
  0.5000000000      0.8612849712     
  0.5000000000      0.8816440105     
  0.5000000000      0.8999999762     
  0.5320649743      0.0000000000E+00 
  0.5320649743      0.9044949710E-01 
  0.5320649743      0.1797730029     
  0.5320649743      0.2668730021     
  0.5320649743      0.3507019877     
  0.5320649743      0.4302949905     
  0.5320649743      0.5047919750     
  0.5320649743      0.5734639764     
  0.5320649743      0.6357439756     
  0.5320649743      0.6912490129     
  0.5320649743      0.7398089767     
  0.5320649743      0.7814919949     
  0.5320649743      0.8166329861     
  0.5320649743      0.8458570242     
  0.5320649743      0.8701080084     
  0.5320649743      0.8906760216     
  0.5320649743      0.9092199802     
  0.5641009808      0.0000000000E+00 
  0.5641009808      0.9135869890E-01 
  0.5641009808      0.1815810055     
  0.5641009808      0.2695559859     
  0.5641009808      0.3542279899     
  0.5641009808      0.4346210063     
  0.5641009808      0.5098659992     
  0.5641009808      0.5792289972     
  0.5641009808      0.6421350241     
  0.5641009808      0.6981980205     
  0.5641009808      0.7472460270     
  0.5641009808      0.7893490195     
  0.5641009808      0.8248429894     
  0.5641009808      0.8543609977     
  0.5641009808      0.8788560033     
  0.5641009808      0.8996300101     
  0.5641009808      0.9183610082     
  0.5960789919      0.0000000000E+00 
  0.5960789919      0.9225229919E-01 
  0.5960789919      0.1833570004     
  0.5960789919      0.2721920013     
  0.5960789919      0.3576929867     
  0.5960789919      0.4388720095     
  0.5960789919      0.5148530006     
  0.5960789919      0.5848940015     
  0.5960789919      0.6484159827     
  0.5960789919      0.7050269842     
  0.5960789919      0.7545549870     
  0.5960789919      0.7970690131     
  0.5960789919      0.8329100013     
  0.5960789919      0.8627169728     
  0.5960789919      0.8874520063     
  0.5960789919      0.9084290266     
  0.5960789919      0.9273430109     
  0.6279730201      0.0000000000E+00 
  0.6279730201      0.9312249720E-01 
  0.6279730201      0.1850859970     
  0.6279730201      0.2747600079     
  0.6279730201      0.3610669971     
  0.6279730201      0.4430119991     
  0.6279730201      0.5197100043     
  0.6279730201      0.5904110074     
  0.6279730201      0.6545320153     
  0.6279730201      0.7116780281     
  0.6279730201      0.7616729736     
  0.6279730201      0.8045880198     
  0.6279730201      0.8407670259     
  0.6279730201      0.8708549738     
  0.6279730201      0.8958230019     
  0.6279730201      0.9169980288     
  0.6279730201      0.9360899925     
  0.6597570181      0.0000000000E+00 
  0.6597570181      0.9396199882E-01 
  0.6597570181      0.1867550015     
  0.6597570181      0.2772369981     
  0.6597570181      0.3643220067     
  0.6597570181      0.4470059872     
  0.6597570181      0.5243949890     
  0.6597570181      0.5957340002     
  0.6597570181      0.6604329944     
  0.6597570181      0.7180929780     
  0.6597570181      0.7685390115     
  0.6597570181      0.8118410110     
  0.6597570181      0.8483470082     
  0.6597570181      0.8787059784     
  0.6597570181      0.9038990140     
  0.6597570181      0.9252650142     
  0.6597570181      0.9445289969     
  0.6914100051      0.0000000000E+00 
  0.6914100051      0.9476389736E-01 
  0.6914100051      0.1883489937     
  0.6914100051      0.2796030045     
  0.6914100051      0.3674310148     
  0.6914100051      0.4508199990     
  0.6914100051      0.5288699865     
  0.6914100051      0.6008179784     
  0.6914100051      0.6660689712     
  0.6914100051      0.7242209911     
  0.6914100051      0.7750980258     
  0.6914100051      0.8187689781     
  0.6914100051      0.8555870056     
  0.6914100051      0.8862050176     
  0.6914100051      0.9116119742     
  0.6914100051      0.9331610203     
  0.6914100051      0.9525899887     
  0.7229160070      0.0000000000E+00 
  0.7229160070      0.9552150220E-01 
  0.7229160070      0.1898539960     
  0.7229160070      0.2818379998     
  0.7229160070      0.3703680038     
  0.7229160070      0.4544239938     
  0.7229160070      0.5330979824     
  0.7229160070      0.6056209803     
  0.7229160070      0.6713939905     
  0.7229160070      0.7300109863     
  0.7229160070      0.7812939882     
  0.7229160070      0.8253149986     
  0.7229160070      0.8624269962     
  0.7229160070      0.8932899833     
  0.7229160070      0.9189000130     
  0.7229160070      0.9406210184     
  0.7229160070      0.9602050185     
  0.7542610168      0.0000000000E+00 
  0.7542610168      0.9622880071E-01 
  0.7542610168      0.1912599951     
  0.7542610168      0.2839249969     
  0.7542610168      0.3731110096     
  0.7542610168      0.4577890038     
  0.7542610168      0.5370460153     
  0.7542610168      0.6101059914     
  0.7542610168      0.6763650179     
  0.7542610168      0.7354170084     
  0.7542610168      0.7870799899     
  0.7542610168      0.8314260244     
  0.7542610168      0.8688129783     
  0.7542610168      0.8999040127     
  0.7542610168      0.9257050157     
  0.7542610168      0.9475860000     
  0.7542610168      0.9673150182     
  0.7854380012      0.0000000000E+00 
  0.7854380012      0.9688019753E-01 
  0.7854380012      0.1925549954     
  0.7854380012      0.2858470082     
  0.7854380012      0.3756360114     
  0.7854380012      0.4608879983     
  0.7854380012      0.5406810045     
  0.7854380012      0.6142349839     
  0.7854380012      0.6809430122     
  0.7854380012      0.7403950095     
  0.7854380012      0.7924069762     
  0.7854380012      0.8370540142     
  0.7854380012      0.8746929765     
  0.7854380012      0.9059950113     
  0.7854380012      0.9319700003     
  0.7854380012      0.9539999962     
  0.7854380012      0.9738630056     
  0.8164460063      0.0000000000E+00 
  0.8164460063      0.9747029841E-01 
  0.8164460063      0.1937279999     
  0.8164460063      0.2875880003     
  0.8164460063      0.3779250085     
  0.8164460063      0.4636960030     
  0.8164460063      0.5439749956     
  0.8164460063      0.6179770231     
  0.8164460063      0.6850919724     
  0.8164460063      0.7449049950     
  0.8164460063      0.7972350121     
  0.8164460063      0.8421540260     
  0.8164460063      0.8800219893     
  0.8164460063      0.9115149975     
  0.8164460063      0.9376479983     
  0.8164460063      0.9598119855     
  0.8164460063      0.9797959924     
  0.8472939730      0.0000000000E+00 
  0.8472939730      0.9799470007E-01 
  0.8472939730      0.1947699934     
  0.8472939730      0.2891350091     
  0.8472939730      0.3799580038     
  0.8472939730      0.4661900103     
  0.8472939730      0.5469009876     
  0.8472939730      0.6213020086     
  0.8472939730      0.6887770295     
  0.8472939730      0.7489129901     
  0.8472939730      0.8015239835     
  0.8472939730      0.8466839790     
  0.8472939730      0.8847569823     
  0.8472939730      0.9164190292     
  0.8472939730      0.9426929951     
  0.8472939730      0.9649760127     
  0.8472939730      0.9850670099     
  0.8779950142      0.0000000000E+00 
  0.8779950142      0.9844879806E-01 
  0.8779950142      0.1956730038     
  0.8779950142      0.2904750109     
  0.8779950142      0.3817189932     
  0.8779950142      0.4683510065     
  0.8779950142      0.5494359732     
  0.8779950142      0.6241809726     
  0.8779950142      0.6919689775     
  0.8779950142      0.7523829937     
  0.8779950142      0.8052380085     
  0.8779950142      0.8506079912     
  0.8779950142      0.8888570070     
  0.8779950142      0.9206650257     
  0.8779950142      0.9470610023     
  0.8779950142      0.9694470167     
  0.8779950142      0.9896320105     
  0.9085760117      0.0000000000E+00 
  0.9085760117      0.9882859886E-01 
  0.9085760117      0.1964270025     
  0.9085760117      0.2915959954     
  0.9085760117      0.3831909895     
  0.9085760117      0.4701569974     
  0.9085760117      0.5515549779     
  0.9085760117      0.6265890002     
  0.9085760117      0.6946380138     
  0.9085760117      0.7552850246     
  0.9085760117      0.8083440065     
  0.9085760117      0.8538889885     
  0.9085760117      0.8922849894     
  0.9085760117      0.9242159724     
  0.9085760117      0.9507139921     
  0.9085760117      0.9731860161     
  0.9085760117      0.9934489727     
  0.9390699863      0.0000000000E+00 
  0.9390699863      0.9912990034E-01 
  0.9390699863      0.1970259994     
  0.9390699863      0.2924849987     
  0.9390699863      0.3843590021     
  0.9390699863      0.4715900123     
  0.9390699863      0.5532360077     
  0.9390699863      0.6284989715     
  0.9390699863      0.6967560053     
  0.9390699863      0.7575880289     
  0.9390699863      0.8108080029     
  0.9390699863      0.8564910293     
  0.9390699863      0.8950049877     
  0.9390699863      0.9270330071     
  0.9390699863      0.9536120296     
  0.9390699863      0.9761530161     
  0.9390699863      0.9964770079     
  0.9695249796      0.0000000000E+00 
  0.9695249796      0.9934850037E-01 
  0.9695249796      0.1974609941     
  0.9695249796      0.2931300104     
  0.9695249796      0.3852069974     
  0.9695249796      0.4726310074     
  0.9695249796      0.5544570088     
  0.9695249796      0.6298850179     
  0.9695249796      0.6982929707     
  0.9695249796      0.7592589855     
  0.9695249796      0.8125969768     
  0.9695249796      0.8583809733     
  0.9695249796      0.8969789743     
  0.9695249796      0.9290789962     
  0.9695249796      0.9557160139     
  0.9695249796      0.9783070087     
  0.9695249796      0.9986760020     
   1.000000000      0.0000000000E+00 
   1.000000000      0.9948030114E-01 
   1.000000000      0.1977230012     
   1.000000000      0.2935189903     
   1.000000000      0.3857179880     
   1.000000000      0.4732579887     
   1.000000000      0.5551919937     
   1.000000000      0.6307200193     
   1.000000000      0.6992189884     
   1.000000000      0.7602660060     
   1.000000000      0.8136739731     
   1.000000000      0.8595190048     
   1.000000000      0.8981689811     
   1.000000000      0.9303110242     
   1.000000000      0.9569829702     
   1.000000000      0.9796040058     
   1.000000000       1.000000000     
   1.031219959      0.0000000000E+00 
   1.031219959      0.9952720255E-01 
   1.031219959      0.1978159994     
   1.031219959      0.2936570048     
   1.031219959      0.3858999908     
   1.031219959      0.4734809995     
   1.031219959      0.5554540157     
   1.031219959      0.6310179830     
   1.031219959      0.6995490193     
   1.031219959      0.7606250048     
   1.031219959      0.8140580058     
   1.031219959      0.8599249721     
   1.031219959      0.8985930085     
   1.031219959      0.9307500124     
   1.031219959      0.9574350119     
   1.031219959      0.9800660014     
   1.031219959       1.000470042     
   1.063699961      0.0000000000E+00 
   1.063699961      0.9951519966E-01 
   1.063699961      0.1977919936     
   1.063699961      0.2936219871     
   1.063699961      0.3858529925     
   1.063699961      0.4734239876     
   1.063699961      0.5553870201     
   1.063699961      0.6309419870     
   1.063699961      0.6994640231     
   1.063699961      0.7605329752     
   1.063699961      0.8139600158     
   1.063699961      0.8598210216     
   1.063699961      0.8984839916     
   1.063699961      0.9306380153     
   1.063699961      0.9573190212     
   1.063699961      0.9799479842     
   1.063699961       1.000349998     
   1.098549962      0.0000000000E+00 
   1.098549962      0.9948129952E-01 
   1.098549962      0.1977249980     
   1.098549962      0.2935220003     
   1.098549962      0.3857220113     
   1.098549962      0.4732629955     
   1.098549962      0.5551980138     
   1.098549962      0.6307280064     
   1.098549962      0.6992269754     
   1.098549962      0.7602739930     
   1.098549962      0.8136829734     
   1.098549962      0.8595290184     
   1.098549962      0.8981789947     
   1.098549962      0.9303209782     
   1.098549962      0.9569939971     
   1.098549962      0.9796149731     
   1.098549962       1.000010014     
   1.136809945      0.0000000000E+00 
   1.136809945      0.9946729988E-01 
   1.136809945      0.1976969987     
   1.136809945      0.2934800088     
   1.136809945      0.3856680095     
   1.136809945      0.4731959999     
   1.136809945      0.5551199913     
   1.136809945      0.6306380033     
   1.136809945      0.6991279721     
   1.136809945      0.7601670027     
   1.136809945      0.8135679960     
   1.136809945      0.8594070077     
   1.136809945      0.8980519772     
   1.136809945      0.9301900268     
   1.136809945      0.9568589926     
   1.136809945      0.9794759750     
   1.136809945      0.9998700023     
   1.179389954      0.0000000000E+00 
   1.179389954      0.9947499633E-01 
   1.179389954      0.1977120042     
   1.179389954      0.2935029864     
   1.179389954      0.3856970072     
   1.179389954      0.4732320011     
   1.179389954      0.5551620126     
   1.179389954      0.6306869984     
   1.179389954      0.6991819739     
   1.179389954      0.7602260113     
   1.179389954      0.8136309981     
   1.179389954      0.8594740033     
   1.179389954      0.8981209993     
   1.179389954      0.9302610159     
   1.179389954      0.9569320083     
   1.179389954      0.9795519710     
   1.179389954      0.9999470115     
   1.227090001      0.0000000000E+00 
   1.227090001      0.9948369861E-01 
   1.227090001      0.1977290064     
   1.227090001      0.2935290039     
   1.227090001      0.3857310116     
   1.227090001      0.4732739925     
   1.227090001      0.5552110076     
   1.227090001      0.6307420135     
   1.227090001      0.6992430091     
   1.227090001      0.7602919936     
   1.227090001      0.8137019873     
   1.227090001      0.8595489860     
   1.227090001      0.8981999755     
   1.227090001      0.9303429723     
   1.227090001      0.9570159912     
   1.227090001      0.9796379805     
   1.227090001       1.000030041     
   1.280480027      0.0000000000E+00 
   1.280480027      0.9948179871E-01 
   1.280480027      0.1977259964     
   1.280480027      0.2935230136     
   1.280480027      0.3857240081     
   1.280480027      0.4732649922     
   1.280480027      0.5552009940     
   1.280480027      0.6307309866     
   1.280480027      0.6992300153     
   1.280480027      0.7602779865     
   1.280480027      0.8136870265     
   1.280480027      0.8595330119     
   1.280480027      0.8981829882     
   1.280480027      0.9303259850     
   1.280480027      0.9569979906     
   1.280480027      0.9796190262     
   1.280480027       1.000020027     
   1.339900017      0.0000000000E+00 
   1.339900017      0.9947820008E-01 
   1.339900017      0.1977189928     
   1.339900017      0.2935119867     
   1.339900017      0.3857100010     
   1.339900017      0.4732480049     
   1.339900017      0.5551800132     
   1.339900017      0.6307070255     
   1.339900017      0.6992040277     
   1.339900017      0.7602499723     
   1.339900017      0.8136569858     
   1.339900017      0.8595010042     
   1.339900017      0.8981500268     
   1.339900017      0.9302909970     
   1.339900017      0.9569630027     
   1.339900017      0.9795830250     
   1.339900017      0.9999790192     
   1.405480027      0.0000000000E+00 
   1.405480027      0.9947779775E-01 
   1.405480027      0.1977179945     
   1.405480027      0.2935110033     
   1.405480027      0.3857080042     
   1.405480027      0.4732460082     
   1.405480027      0.5551779866     
   1.405480027      0.6307049990     
   1.405480027      0.6992009878     
   1.405480027      0.7602469921     
   1.405480027      0.8136540055     
   1.405480027      0.8594980240     
   1.405480027      0.8981459737     
   1.405480027      0.9302870035     
   1.405480027      0.9569590092     
   1.405480027      0.9795789719     
   1.405480027      0.9999750257     
   1.477090001      0.0000000000E+00 
   1.477090001      0.9947960079E-01 
   1.477090001      0.1977210045     
   1.477090001      0.2935169935     
   1.477090001      0.3857150078     
   1.477090001      0.4732539952     
   1.477090001      0.5551880002     
   1.477090001      0.6307160258     
   1.477090001      0.6992139816     
   1.477090001      0.7602609992     
   1.477090001      0.8136690259     
   1.477090001      0.8595129848     
   1.477090001      0.8981630206     
   1.477090001      0.9303039908     
   1.477090001      0.9569770098     
   1.477090001      0.9795969725     
   1.477090001      0.9999930263     
   1.554380059      0.0000000000E+00 
   1.554380059      0.9948159754E-01 
   1.554380059      0.1977249980     
   1.554380059      0.2935220003     
   1.554380059      0.3857229948     
   1.554380059      0.4732640088     
   1.554380059      0.5551990271     
   1.554380059      0.6307290196     
   1.554380059      0.6992279887     
   1.554380059      0.7602760196     
   1.554380059      0.8136849999     
   1.554380059      0.8595309854     
   1.554380059      0.8981810212     
   1.554380059      0.9303230047     
   1.554380059      0.9569960237     
   1.554380059      0.9796169996     
   1.554380059       1.000010014     
   1.636790037      0.0000000000E+00 
   1.636790037      0.9948279709E-01 
   1.636790037      0.1977279931     
   1.636790037      0.2935259938     
   1.636790037      0.3857269883     
   1.636790037      0.4732689857     
   1.636790037      0.5552060008     
   1.636790037      0.6307359934     
   1.636790037      0.6992359757     
   1.636790037      0.7602850199     
   1.636790037      0.8136940002     
   1.636790037      0.8595409989     
   1.636790037      0.8981909752     
   1.636790037      0.9303339720     
   1.636790037      0.9570069909     
   1.636790037      0.9796280265     
   1.636790037       1.000020027     
   1.723549962      0.0000000000E+00 
   1.723549962      0.9948299825E-01 
   1.723549962      0.1977279931     
   1.723549962      0.2935270071     
   1.723549962      0.3857280016     
   1.723549962      0.4732710123     
   1.723549962      0.5552070141     
   1.723549962      0.6307380199     
   1.723549962      0.6992380023     
   1.723549962      0.7602869868     
   1.723549962      0.8136969805     
   1.723549962      0.8595430255     
   1.723549962      0.8981930017     
   1.723549962      0.9303370118     
   1.723549962      0.9570099711     
   1.723549962      0.9796310067     
   1.723549962       1.000030041     
   1.813730001      0.0000000000E+00 
   1.813730001      0.9948249906E-01 
   1.813730001      0.1977269948     
   1.813730001      0.2935250103     
   1.813730001      0.3857269883     
   1.813730001      0.4732680023     
   1.813730001      0.5552049875     
   1.813730001      0.6307349801     
   1.813730001      0.6992350221     
   1.813730001      0.7602829933     
   1.813730001      0.8136929870     
   1.813730001      0.8595389724     
   1.813730001      0.8981900215     
   1.813730001      0.9303320050     
   1.813730001      0.9570050240     
   1.813730001      0.9796259999     
   1.813730001       1.000020027     
   1.906270027      0.0000000000E+00 
   1.906270027      0.9948159754E-01 
   1.906270027      0.1977249980     
   1.906270027      0.2935220003     
   1.906270027      0.3857229948     
   1.906270027      0.4732640088     
   1.906270027      0.5551990271     
   1.906270027      0.6307290196     
   1.906270027      0.6992279887     
   1.906270027      0.7602760196     
   1.906270027      0.8136849999     
   1.906270027      0.8595309854     
   1.906270027      0.8981810212     
   1.906270027      0.9303230047     
   1.906270027      0.9569960237     
   1.906270027      0.9796169996     
   1.906270027       1.000010014     
   2.000000000      0.0000000000E+00 
   2.000000000      0.9948030114E-01 
   2.000000000      0.1977230012     
   2.000000000      0.2935189903     
   2.000000000      0.3857179880     
   2.000000000      0.4732579887     
   2.000000000      0.5551919937     
   2.000000000      0.6307200193     
   2.000000000      0.6992189884     
   2.000000000      0.7602660060     
   2.000000000      0.8136739731     
   2.000000000      0.8595190048     
   2.000000000      0.8981689811     
   2.000000000      0.9303110242     
   2.000000000      0.9569829702     
   2.000000000      0.9796040058     
   2.000000000       1.000000000     
